0,273
0,270
3,2
3,1
3,3
10,18
10,136
10,208
10,232
10,306
10,276
8,4
8,18
8,5
8,15
8,9
8,14
90,4
90,3
90,2
90,1
90,0
89,4
89,3
89,2
89,1
89,0
88,4
88,3
88,2
88,1
88,0
85,3
85,2
85,1
20,3
20,2
20,1
19,3
19,2
19,1
12,3
12,2
12,1
11,30
11,29
11,28
11,27
11,26
11,25
11,24
11,22
11,21
11,20
11,19
11,18
11,17
11,16
11,15
11,14
11,13
11,12
11,11
11,10
11,9
11,8
11,7
11,6
11,5
11,4
11,3
11,2
11,1
10,314
10,313
10,309
10,307
10,300
10,295
10,289
10,286
10,280
10,279
10,271
18,1
10,261
10,259
18,3
14,1
10,253
10,250
10,243
14,3
10,239
13,1
10,238
13,3
10,237
10,231
10,225
10,192
2,2
10,188
2,1
10,142
2,3
